3 4 122 
3 5 773 
3 1 421 
3 2 564 
3 7 67 
4 5 711 
4 6 203 
4 1 359 
4 7 190 
0 5 1253 
0 6 797 
0 1 901 
0 2 1044 
0 7 471 
5 6 846 
5 1 538 
5 2 412 
5 8 676 
5 7 838 
6 1 560 
6 2 703 
6 7 383 
1 2 215 
1 8 646 
1 7 487 
8 7 468 
5 9 589 
5 10 759 
5 11 930 
5 12 286 
5 13 206 
5 14 234 
5 15 293 
5 16 196 
5 17 522 
5 18 380
5 19 313 
5 20 746 
5 21 133 
5 22 348 
5 23 463 
5 24 347 
5 25 582 
5 26 331 
5 27 421 
3 7 67 
3 10 32 
3 11 199 
3 28 97 
3 29 75 
3 30 136 
3 31 90 
3 32 66 
3 33 35 
7 10 83 
7 11 149 
7 28 162 
7 29 151 
7 30 86 
7 31 154 
7 32 63 
7 33 98  
10 11 176 
10 28 81 
10 29 70 
10 30 113 
10 31 73 
10 32 43 
10 33 33 
11 28 254 
11 29 243 
11 30 89 
11 31 247 
11 32 139 
11 33 207 
28 29 60 
28 30 198 
28 31 40 
28 32 127 
28 33 82 
29 30 180 
29 31 21 
29 32 110 
29 33 65 
30 31 184 
30 32 76 
30 33 144 
31 32 114 
31 33 69 
32 33 75
5 25 320 
